' ⁸
56 XXX. 11111111111111111111ο1111111111. 1. mesenum nnn 1111111111.

Ὸ11111111111111111111111111111111 1111113111 1111111 111111111 1111 1111111111

11111111 111 1111111111 111111 111. 111 11111111 11 1111111111 1111111111 1111111111

11111 11111111 1111111 111111 111 1111111111111 11111 1111111111 111 1111 1111111111

1111111111 1111 1111111111, 81 111 111111111 11111111111111111111111 111111

1111111111 1 1111111111 111 1111111111 1111111 11111111ε 1111 1111111 1111111111

111 1111 1111111111 11 11111 11. 1111111111, 111 1111111111111111 11Ὸ11111111 111

111111 1111111111 11111 Ι 11111111 111 1111111 1111 111 1111111111 1111111111 111111,

111 111 111 1111111111 1111111 11111111 1111111111 111 11111111 1111111 1111111111111

111 111111 1111111111 1111111111 1111 11 1111111111 1111111 1111 1111111 1111111111

1111111 11111111 111111111111 1111 1111111111 111111111111 1111111 1111 1111111111 ς,1

11111111 11111111 11111111 111 11111111 11111 11111 1111 11111111. 1111111 111111

’1111111111 1111111, 111111 111111 1111111 11 111, 1111111 3111111111111111111

11111111 1111 11111111 11111111 1111111111 111111111111111 1111111111 11111111 11111-

¹ 111111 mil: 1111111 11 111 111 1111 jd) 11111111111111 111 11111111111111111 11111111

11 11111 1111111111111 11111 1111 11111 1111111 111111111111111111111111 111111 11111· 11ε. ι

111111111111111111111 11111. 11111 111 11 111 111111 11111111 111 1111111111 1111

11111111 111111111111111, 81111111 11111 1111111 11111111111111111, 1111111

11111 11111111 1111111 111 11111111 111111, 11111111 1111111111 11111111111111 1111111

1111111 1111111111111111 11111111111111111111111 1111111111 1111111111 1111111

’ 111111111111111111111111111111 1111111111 1111111111 11 11111 111 11111111111111191

111 1111111111 11 1111111 11111 111 1111111 3111 111111111Ε11ε 1111111111 1111111 11111

111. 11111111111111111111111Ε111 111111 111 1111111111 1111111 1111 111111111111111

111111 11111111111111 11111111 1111111111 111 11 111111 111 11111111. 11111 1111

111111 11111 (1111 1111111111 1111 111111 1111111 111 1111 1111111 1111111 11111111

111111 111) 111 1111111. ²⁵
1111 111 11111111111111 1111111 11111 111 11 1111111111 11111111 111 1111111111

111 1111111 ι11111111 111111 1111111111 11 1111 11111111111111 111111111 111111 111 11-

· 1111111111113111111 11 1111111 111111 111111111 111 11111 111111 1111111 111 11 1111·

1111 1111 11111111, 111 111 11111111 1111111111 1111111111 1111 11111 11111 111 31111
111111 1111 11 11111 1111 11111111. Ι 11111 1111 111111 11111 111 1111 11111 11111 jam
· 111 111111 111, 111 111 111111 1111111 111111 11111111111111111111111111111111111111
, 111111111111111111 11111. 3111111111111111111111111111111111111111111
11111111 1111111 sun 111111111111111111111 111 1111111 1111111111111 11111111 11
1111111111 11111111 111111 11111111111111 111 1111111111 1 11111111, 111 111111 111
1111111 1111 1111111 11111111 11111111 111. 111111 1111111111 111111 111111 1111111

111111111111111111 11 (111 111 11 1111111) 11111 111 1111111111 1111

,³¹¹ 1111111111111111111111111111 1111 111111 1111111111 11111111 111 11111 11
111111 erun, 11111111 111 11111111 11111111 1111111111111 (11 11111 1111111111) 11111 11
11111 1111111 111 1 1111 111111 1111 11111111 1111111111 111 1111111111 11111, 111 111111
1111111111 111 111111 111 1111 1111111111 111111 11 11111 1111 11 11111111 111111 1111
111111 11111111 1111111111 111 Ι 111 1111111111) 111 111111 11111111 111 11111111
11111111 1111111111111111111 11111 1111111111 1111111111 1111111111111 111
111,11111111111 111, 1111 11111311 111 11 111111 11111111 11111 1111111111 111111·

1ο11111111111111 111 1111111 1111111113. ¹¹ 1111] 1111111111. 11111...
11111 11111112) omitit 3. per 1111111111. ³⁰ 11111111] 111 tt 1111 1111111111111
11111111 111 2. 3. 841111111121. ⁸⁸ 11111...1111111111111111111121. ⁴¹ 111
, 11111111] 1111 111 1111111111 1111 111 1111111111111111111 1111111111) 13.
Tumb0n3. ἃ111111...11111111111111.11. 1111111121. ω3111111111111112..1.

 

