452 ccxvn. 4. 44444444 444444444444444 ons 4444444444444444444. 4444.

4444 44444 44 444 444 44444444.
44 [a 4444 444 jn 4444444444 444.
nod) 444 44) 44444 444) 444 4444
(4444 4444, 444 4444, 444 444444 444 4444)
4 444 444 44444 444444 444444 444,
44 444 44444444 444 44444444 [444.
Sd) 44444 4444) 44444 4444 4444 4444,
444 mid> 44444 4444444) 44444 44,
444 44444444 [n 4444 44444444.
44 4444444444 id) 44444 444 444 4444444,
444 44444 44444, 4444 44 444.
444444 444 4444444 444444 44 444.
4444 4444 44 444444 444444 4444,
, 44 444 444444 44444 444 44444 444
444 4444444 4444, 44 4444 id) 44444,
444 mid) 4444 4444444 44444 444 444.
444 44444444 444444 4444444, 31⁰1 usu
44 4444 4444444444, 444 444 44444 44444.
grin 44444 44444) 444 44444 44444,
444444 id) 444 4444444444 444 4444444
444 mid) 4444444 44 4444444 444,
44 444 444444 444 4444 444 44444 4444.
444 4444 mit 444 444 44444444 4444,
4444 44444 444 [tin 4444444 4444,
ΜΜΜΜΜΜΜ4
44 444 444 444 44444 44444444 4444, ’
. 44 44 44444444 44 4444, 444 4444444,
4444 4444444 44 444 4444444 [444444.
444 44444444 4444444 4444444 444444
44 4444 4444, 444 4444 444 444) 4444444,
44444 mid) 4444, 444 44444444 4444444.

ct? jd] 4444 444444.

444. 4444444. 444. 444 aucun.
(1441414444 in 44444444 figur.) (Bildthen in 44444444· figur.)
44444444 444 444 id), , 41444 44444444 444 4444,
444444 444 44444 44 44444. 44444444 44444 444444,
&ott 444 4444 444 444, t· 44444, 4444 44444,
4444 4444 44444 444444. 4444 44444 44444 4444444444.
14444 Libertas.

-.--.

⁵³ 4444442. ⁶⁰ 444444 2.

 

