50* 11111111. 1111111101111011111.1520. 1111111111111111111111111. 1521.

11111111 1111111111, 1111111111 111111 11111111. 1, 111 11111111111111111111111 111
111111311111. 1111 111111 111111 11111111111111111111 fehlt: 11111 &telle 1111111
11111111111111 1111111111 111. 111111 1111111111111 11111111111111111111111
111. 3. 11111 1 111111 1111111111 111 111. 1. 111 11111. 1.111111111”1111111111111 11
11111 bier. &att 111 HVTTENICVS 111 11111111111111 111111111111111111111
11111. 1. 11111 1111 1111111111 HVT.

4.
Miinch, 1111101111. III. p. 310. 311...510.

111111ῐί1111811111. 1. 1111111111 111111 aud) 111 Β1111111111111 Vit. Η1111. 11. p. 12.
not. 11. 11111 Wagenseil, 11111. Opp. 1. No. 11111. p. 228.

¹ 11111 111111111111111111 1111. xxvu. xxvnl.
W

(1111111111111111111.· XXVII. 1521.
ψ.- ¹ “W

6111111) 11111111 Ι 11111111111111111111. Ι 111111111111. Ι 11111111

31111. Ι 1111111111111111 11111111111111111111. 1111111111111111

1 Ι 111111111111111, 11111111 2” 1111111111, (1111111111 1111 1111111 111111 11 111
111111, 1111111111 1111111111 11111 1111 11111 1111 111 111111111111111111 qui
11111111111111111, redde 1111111111. superbis. Ι, 111 ben 1111111 1111111 ic 1111 Qu*
venitbilbdyem 1111111111111111111, 1111111111 11111111 1111111111111111111 11111
11111111111111 1111111111,- 111 1111 1111111 11111111 111111 111111 1111111
11111111111111 111 111111111111111111111111111111, 11111 1111111101111· 11111-

11111 malifflmneium: 11111 11 111111 11111 1” 1111111 111 1111111111 1111111111

1111 111111 11 111111 11111, 11111111 Martium 11111111, 11111111 vmtaeem
meditabitur Ι quitur mmmm 1111111 thenit* «11111111, 11111111· 111νὶ11111 ab linum..

1111111111 Pemaempendum ese tan-fldem, 1111111111ηάιῖ 111. Ι ’1 ·
2211, 111111 (110111.) 4⁰. 11111111 1...1 (1111111 1 1111). 1111111111 11111111ὶ
111 111 111111 1111111 1111.

111,..11111; 1111111 111111 111 [111] nuncu. 11111 11111 l .. 11111111 111 311111-
1111 11. 1111 111111111111111111111 (jn 11. 1111111111ῑ1111111111,11111111·
111111 1111111111 11111, 111111 11111 11111111 11111111111111. 111 11111111111111111.
11111. 1 4·; 1111111 1111111111 1111111111 1111111 Ι Uitia) 111 111111. Ι 11 pit 11111-
1111111 111 1111111 11111, 11. 1111111111 a& jd) 1111 aemam. 1111111 111 9111111.
1411 1111111111 52.ss 1111111111 1111111111 1111111 4111111111 11 111 (111111
11111111 witin) 111 911111. - ’

1·...1·; 111 1111 11111

1...111;111 11111111

1·...1·; 11111111111111111111111, 11111 11111111 11 1111111111, 1111111 11111 3111111
111111 1111111. 111 111 11111111 111111 111111111111111. 11111111 111111.

’1 11. 3111111 11111 111 1111111111 1111111111 1111111111111 1111111111111 111 111
11111111 111, 111111 (1111111111111111, 111 11111111, 11111111111111 11111111,
111 Dialogi novi 1. 111. 11111 „metit 111 111111ἔ11111 11 1111111111Η cr:
1111111111. 3111111111 11111111111111111 ,11 1111111, 1111 1111 1111111111 1111111 x
111 1111111111 1111111111 1111111111 1111.

 

