98 XXX. noevum 11 111. 11111111111111. 11. 11111111111111111.11.

111111, 1111111111 11111111 1111 11111111 11111Ι111111 3111 11111111, 11111 1111
11111. 1111111 111111Ι1111 1111 11111 31111111 111111 111111, 111 11111 11 Ι 11 1111
1111111111 mit 1111111111. 111111 1111111111 Ι ι1111 Sabinu 11111,111111 1111111111
11111111 1111111111 1111111111 1111111, 111111 111111 111 3111 11 111 Ι 111 111111 aaut
1111111111 1111111, [a 1111 11111 11111111, 1111 ab 1111111111111111111 1111 311111
in Ι 1111111111, 11111111 11111 §mut 111111 3111 11111. 1111Ι1ἰ1 1111111111 1111111-
111, 111 111111 aaut Ι 1111 111 11111111, 11111111 in 1111 1111111111 11111 Ι 1111 7 Unu-
111 111 311111 in 1111111 11111111111111Ι111111111111 1111111111,1111111111 1111
1111111 1111111111 11111111111,111 11111 111 Ι 11 1111111 11111 1111111111, 111111
1111111111 Ι 11 111111 11111 11111111 11111111 111 111 411111 111111 Ι 11111. 1111111111
111111 1111111111111113111 111111Ι 1111111, mit 111 s. 1. on. 11111 [1111111 111
11111 11111111, 11111111 1111111 1111 1111111111 111 1111111111111 11111111. 311 ι11111.
111 111111 Ι11111111111111111111Ι11 111 1111111111111 1111 11111 1111 111 111111
11111Ι111111 1111111111. 111111 1111111111 111 11111111 111 111 Ι 11111111 1111111 11111·
111, 111111 111111 11111 111 111 Ι 111111, 1111113111 1111111 1111 11 111111 111111 111-11
1111111111 5111111 1111111111, 111 11111111 111 11111111111111 11111111 111111
111111111111111111 11111111, Ι 111 1111111111 111 1111111 111111 1111 Duum 111111
111111. 11111111 11111111111111111, 11111111111Ι1111111 1111111 111111 11111111
11111111, Subitam 111 1111111 3²¹ 111111, 11111111111111 11111111111111111 1111111,
111 1111 1111 11111 1111111 11111111 1. Ι 111111 91111111111111 1111111, 11 111 §itm
11111111 Ι 1111111. &bn 11 1111 11111 [1111111111 111 1. 11111111111111 111111, 11111
111 311111111111 1111111111 1111111111. pit 1111111111μ1111111111111 Ι 111 1111
11111. 1111111 111 1111111 111111 111111111Ι111 111 111 8111111111111111111 (1111
1.11111111)111111111111111111. 11111111 1111 111111 31111111111111 1111111111,
1111βί1 111311111111111, Ι 1111111111. Θ. 1111111111 1111111111 111111111111111111
111 31111111 1111111 1111, 111 1111111 Ι 11111111. 11111. mit 11. 11111111 11111 11111111
11111111 Ι 111 1115111 11111 11111111111111 1111 11111111, Ι 111111 111 1111111111-
111111 1111 111 1111 11111111. Ι1111 11111111111111 111111 11111111111111111 Ι obet
111111 11 11111 1111111111, 111 sic 111 11. [Murum Θ111 Ao 1515 1111111111. 111·
11111111111Ι111111111 ,11111111111111 1111. 1111 111 1111Ιί1111, 111 9. 1111111
1111111111111111111 1111. Ι 11111111 111111 111 zia) mit 1111 11111111. 11111. 1111111
1111111111 111111 111111111111,1111 11 111 1111131111 11111111. M 111 11111111-
111111 111111 111 Ι 111 1. 111111 in 11. 1111111111 1111111111 1111111, Ι111 11 ’11111
ι111111 111111 11111 1111111111 111 Ι Stin cijbtu 11111111 111111111111181111 11-
1111, Ι 51111111 1111111111 111 1111111111. 111, 111 111Ι111111111 111 sunjos:
151511111111111 111111, 11111811 111 1111111111 Sabinu 1111 1111111111 1111111 Ι 311111
1111111. es 11111 1111 111 1111111111 11 1111 1111111111 111111 111 111111 111
11111111 8111111111111111111 11111. M 1111 1111 111111111111111 in 1111111111
s). 111111 111 811111 11111 &nnn 1111111111, 11 111 Ι 1. 11111 111111111111 in 11131111
111 11111 11151111 111111, Ι 111 1111111111 3111111111, mic 1111 111 1111 1111 8111111 Ι ιε
11111111, 111 111 1111111111 11111111 11111111, 111 111 1111111Ι111111111 11111 11111-

111111111111111 1111 1111111, 1111111111. 111. U. 111 Smin 1111111111. 111111
111111111111111111111111111111111111 111111 1111111 11 11111, 111111 111111 111
111 111111, 11111 111 11111111, 1111111111 1111111 1111111111 1111111111111311.
11 1111 1111 in 3111111111 1181111 1111111 1111111 11111111111111111 111111
111 1111111, 111 11 111 11111111111111111 1111111111 111111 111111111,11111 1111 m
11111111111111, 111 [111 11111111 111111111111111111111111, 11111111 1111111, 111111
111111, 111111 1111 11111 11111 11111 11111111 11111, 1111 111 11111111 tm 1111
11111 1111111111 111111. 1111111111 11111 111111 31111 1111111111 11111 .....

 

