cvm. 11111111111111. 1111111111. 1. 111111. 1111. 2117

ετὸοιιιηισκ. CVIII. 1111111 11111. ⁸

— ————-—-

[11111111 11 6111111111]

§eut Cruntssm 111111 111 1111111111111111111111 111 8111111111 1111111111
111. ἑ1111111 vlrici, 11 11111 1111 8111111111111111111, 111111 1111111111 11111
111 11111111 11111.

1111111111111111 1111111, 111 11111 es 111111 1111111 1111 1111111111- ’
1111, 1111111 1111111111 11111, 111 11111 11111 111 111 11111 1111 11 1111111-
111, 1111111111, 11111111111 111 11111111 11111111 1111111111, 1111111111 11,
11111111 11111 11111111111111111 1111111 11111 1111111111, 111111111
11111, ζ1111111 11111, 11111111111 111 111 1111111, 1111111111111 111-
1111111 111111 11111 1111111, 1111111111 1111 11111111111111111,111 1111111
1111111 1111111 111111111111 11111 1111111. ι51111 111 11 11 (1111 11 111111 11-
11111111) 111 11111 11111111, 111 111111 1111111111 111,11111111111111 1111111
11111111 11111 11111 11 1111111 11111 1111111111, 111111111111 1111111
111 11111111111111111111 111, 111111111111111, 111 11 111 111 111111 1111111111
1111 111111111111111 1111111 1111111 1111111,1111111111 111111 111111,11 111 11
11111 11111111, 1111 11111111111111111, 1111 1111111 111 111111 111 1111111111
11111111111111111 11111111111111111, 11111111111 11111, 111 111111 1111111111
1111111111,111111111111 1111111 111111, 1111 111 1111111 1111111111,111 111
1111111 11111 1111111 111 11 1111111 11111111. 1111111 11111111111111111
1111 111111 111111 11111111 111111111111111111113. ⁹ ’

cvm. Δ...0;111111.1111.111111. a...c. 4 2: Burekhnrd. 111. p. 111111.
5 τε Wagenseil.n⁰. xxv11.p. 186. sq. 1111111111 omisit.

’1111111111 1. 411111111. 111111111111111. 1111111 1111111111111
111111111111111111. 111111. 5111111. ὅ1111111111. [1111111111.
1111111115. 1111111111. 1. Μ1111110. 71111111111.11111111111111111. 11111.
mn m. 1111111115. Β1118. 1111111111. 11111115. 1111111115. 911111111 111.
1111115. 11111114. ’1111111111111111 ¹¹ 1111111110. m. 11141. 1211111-
11111111111111111111111. 111111111115. ¹³ 1111111 B. 15. 1111111. 11111115. 111-
11111Ιί1). Η ,11111 1. 5. 1111 111 1111111 B. 1111 11111111 1111111111 11111. 111
11111111 111115. 111 1111111111, 111111111111111». 1111111115. 111111.
11111115. 111 1115. ¹⁶hrfttrbuef4.5. ¹⁷ 1111111111. m. 111111111111. 1111
Β. ¹¹⁹ 111111. 11111111111111111141. 191111111111. 1111111115. 111111
11111115. ²⁰ 11111111. 15. 11111111.111111.5. 31111111111141. ²¹ 1111
45. 1111111115.

 

