94 XXX. 1011111111 10. 11111111. 111111.1111111111.11111111111111. 1. 111. 1111.

1111111111111, 111 111 1 111, 11111 1111111 1111111111 1111 1111111111, 1111 111
11111111, 1111 11 11 1111 111111, 11111111111111111111 11111 1111111111, 11 11111
11 111 1111111111, 11111111 111111, 111 11111111 1111111111, 1111111111111111111,
11 1111111111, 11111 111 011 111 11111111 1111111111 1111111, 11111111111111111·
111 1111111111, 111 1111 111 111111111111111111, (111111111111111111 11111) 111
1111111111. Solu) 111 1111111111 1111111, 11111 1111111 111 1111111111, 11111 1111 11111·
111, 111 11111111, 111 111111 11111111 1111111 ............... 9111111111
1111) 1111 11111111, 1111111111, 1111111111 111 ι11111111, 111 111 ι1111111111.
11111111 11111111 11111111, 111) 11111 111111111111, 11111111 11111 ,1111111111ἰή,
(111, 111111 11111 111 1111111111) 1111111111, 111 1111111111 11111 11111111) 1111111111
111, 1111111111111 1111 11111 111111, 1111111111 11111 1111, 111111111111111111
11111111, 1111111111111. 1111 11111 mit 1111, 111 11111 11111111111111 911111
1111111111 81111111 11111111 111, 1111 111 11111111 111 11111111 111, (1111111111
y 11111111 1111111 11111.) 11111111111111111, 1111 1111 11 11111111111111111111111111
1111111111, 111 1111111 111 1111111, 111) 11 1111111111, 111 1111 ι111111111111111
1111111, 111 111 ju, 1111 11 11, 111 1111111 .............. 111 11 111 111
1111111111 11111, 1111 1111111111 11 1111111 1111111111111111111111, 1111 111 ,1111-
1111111111111111111, 111) 1111111111 1111, 111 1111111 11111, 111 11 111 1111111111
1111111111111111, 1111 11111111 11111, 111 111 1111111111 11111111 11111, 1111111 1111,
1111111111111111 11111111, 11111 111 11111 1111111111), 1111111111, 111 11111111ιί111·
. 11111111, 111111 1111111111, 111111 1111111111111, 111 11111111 1111111, 11111 111
1111111111 (111111 1111 111111, 1111 11111 111, 111111 11111 11111111 111111 111111.)
11111111111111111, 111 1111111111 111 .................. 61111 11 11111,
1111111 111111 11111 (11111111, 111 1111 1111 1111111111111111111 ι1111111111ίί1, ι1111
111111111 1111111, 111 11 1111111111, 11111111111111111111111 111 11111 1111 urci-2²
11111111, 11111111111111111111 1111 1111111111111111 ,1111

9, n. 11. 111. 1. 1111.

[ἳ111111111111 11111111 111 81111111 11111 111111. ζ11111. 111 9111111111
111111 111111111111111111111111 Ἇ1111111 11 111111]

1111111111111181111111111, 111111, 111 111111111111111111111111111111 11111 =
11111111111111 11 1111111111 1111111111 1111111111 1111111111111111 111 111111·
11111111111111111111111111111111111 11 1111 111. 11111. 11111111, 111) 111111 11
1111111 1111111111 1111, 111 111111 111111 111. ι11111 1111111111111111111111111111
111, 1111111111 11)111111111111111111111111111111. 1111111 111111, So 111 11
1111111111. ,1111 11111111 11, 1111113111 11111. 11111 1111111 1111111111 111 111111 unt:
111111111111111111 11111111 1111111111111 111 11111 1111111 111 1111111 1111 111
1111 11111, 1111 11111 1111111 11111 111 1111111111 81111111 1111111111 911111111111111
111111 1111111111111, 1111 11111111 1111111111 1111111 111 1111111111) 3111111 11111
111111 1111111 11111 111 111111111111111111111111111, 111 11111111111111111111
11111111 111111 111111 111111111111 111 1111111 1111111111 1111111 111111111 §numu
111 11111111111111111 1111111111111111111 11. 3111111111.

,1111111111 111 81111111.

1) 6111111 111111. 111 1111111111. 1111111111. 1111117611 4⁰: Ι. 1111111. 11911. 61111.
2) 1111111111 116ἰᾶ111111. ΙΙ. n⁰.xx111. &ffl—

-ι--...

 

